5
0 2
6 67
43 71
39 107
189 140
29
21758 31261
13575 23194
20286 12426
10029 22658
29864 22559
38234 19085
38757 34508
21250 28393
39344 19569
33201 39504
25561 5648
1759 23746
30873 2289
1868 32743
29233 14182
32210 23335
33847 36451
17694 35419
17071 30374
6494 16852
29217 27197
4510 30388
29773 10681
33414 39059
5268 27979
2841 7165
23361 14436
6073 27285
1990 3750
345
16566 6922
27545 17220
18126 18432
21731 11463
19921 39306
14842 19336
31641 33735
37800 13712
3491 38949
35328 37114
25868 19442
20556 37740
27951 6749
23807 16312
16954 22254
36579 4620
26032 10832
24514 16220
36198 26366
35281 4146
14148 38197
15781 4350
16213 8369
24264 9444
34673 29397
12253 17879
20978 37573
11993 30770
5575 27695
9424 3591
17326 1062
37373 4550
29502 35518
23815 21610
36010 26897
4540 26988
9602 5253
15239 24197
28153 37371
23155 17216
11939 14374
2204 24893
11106 4099
27579 35106
9992 28270
10157 37746
6328 37962
39975 299
1299 37135
26375 1059
38712 33984
11342 33675
10636 27108
10640 289
29161 23070
17940 5771
16649 35500
39436 3174
25584 6750
7355 29562
6213 17312
12144 2815
36772 8279
21367 32205
368 28801
23598 5268
37900 31388
14045 27905
20377 21706
14862 4274
3855 3331
38812 37554
32515 21977
22334 35615
25309 36759
37468 36904
7586 6966
7150 36078
6520 5480
31424 12561
16747 21172
16504 6381
33983 18753
16651 32467
2599 26458
2660 29194
3338 2303
13934 19772
27902 21209
37455 13994
24018 15281
17743 35131
33970 31635
15174 23984
5972 4240
81 24685
33568 13837
15974 39621
24720 16528
21575 8511
31300 26992
1352 18286
27466 38737
17956 29398
29607 15845
21873 32962
18881 25675
28875 31323
7143 24232
36555 11104
23854 8349
922 13800
37395 5880
4651 13380
30711 20297
39218 12248
15424 16064
7580 12265
24598 11356
8126 38694
8982 8415
17383 29765
21120 35472
8109 14201
29605 11969
20175 2324
2052 13870
33952 28149
28723 30908
9289 21694
27384 16206
38416 30442
29665 26989
28037 10151
24659 14588
18061 8944
7063 30279
4969 28985
26841 38000
12178 24692
15239 17437
33297 16231
21090 7281
32912 39377
36747 19718
38781 9904
9413 21389
5065 17453
38172 4602
2501 18918
29211 3544
36593 16634
29363 25269
32348 20718
14986 37422
13907 34304
30714 30754
702 4749
15721 33769
4538 28745
10025 21852
28041 19850
2954 11011
12866 19138
16047 11012
7672 23433
4928 2449
19629 2535
37059 30318
27453 19213
26326 18415
15671 25416
14898 26708
11818 21200
22968 17196
19005 16001
29393 15366
15654 39706
5199 15745
35888 32053
406 4577
29283 15553
27109 38239
2734 14408
19736 277
10827 7770
35448 37303
17977 38366
645 34865
26580 21880
1524 36410
7284 13538
33729 20641
13559 25342
30756 15594
22059 6009
22736 27675
7396 15165
36062 6723
13137 35349
24959 17912
8338 11490
378 12511
9399 10157
25366 30484
9100 3371
14587 31225
15817 35407
4272 16124
24794 14586
9743 3936
21616 16199
14879 18222
11145 10709
21802 12408
25089 34221
10735 9553
37802 263
2637 11576
15210 28836
15358 23757
13359 22553
7650 16902
29262 29693
2429 435
19614 7592
28407 23298
26092 27845
18653 11344
24056 33276
14181 8631
39167 6673
32001 3860
9842 20043
16119 16859
4809 8967
10533 22215
15537 115
4470 30815
3236 36949
11477 19640
1975 29558
2451 22965
14081 1895
26514 9525
7027 4330
26561 5270
15921 33206
13916 7423
7485 33690
17852 831
22113 24302
17065 29519
17122 11134
38302 26248
32782 32027
11530 11185
9921 34170
22321 30806
12863 10703
39519 38772
18196 37614
26210 9115
37876 37328
31504 26913
2870 20329
15844 30710
36546 22176
31106 21695
28665 34152
4567 19295
31165 6074
20230 19562
26821 4802
10084 19608
22400 32089
34366 15787
31366 11159
16225 2730
21121 38116
2116 21568
21305 26685
6360 29799
26100 23522
29242 22218
38767 23956
23481 27593
38546 10080
14057 24732
12299 11245
10629 3943
32185 13490
23894 29844
36377 9708
37613 36726
31635 14038
17457 4494
5102 15662
29310 13259
14119 7509
39245 3859
25733 14613
37283 13453
31113 23079
29687 21641
35825 22723
38290 12430
23740 12820
39607 38292
533 6485
16567 17474
11184 28626
13541 36612
38901 2230
29847 23650
27595 11683
21970 30873
2824 37429
190 7531
22254 17197
17626 30397
13807 9890
39702 11839
22293 24458
17597 23282
39577 8490
21210 39894
6302 23330
873 20011
3187 19586
28243 5076
10960 28861
26668 2816
25734 19964
38407 21257
36397 7789
16378 25760
35590 7462
37986 6396
4751 1758
24451 28402
8451 22119
27282 29579
29673 11098
25023 32274
24
12042 8213
39273 18193
34260 17854
9173 15889
11836 35769
3571 25764
15321 29926
21650 7144
4738 17005
36811 3403
21118 23269
20704 29059
37178 38688
816 26520
10335 12245
32021 27432
2591 2287
24029 38002
26402 13523
9844 34596
6627 33570
33650 18652
28084 2042
24045 26260
346
9588 7229
21655 15036
19590 25913
22769 1021
34863 29539
23201 10869
716 17102
11717 10561
15552 5975
17258 28264
13309 21289
39476 6569
2103 18867
30265 24686
35138 10853
9656 38843
35058 26637
24598 34891
26490 39795
6187 29300
30526 10372
28661 31594
3430 26310
18677 34103
37580 5639
21546 32316
21532 4548
31935 4969
25160 12738
9474 34338
407 32972
29316 16989
10218 34204
36788 33115
29896 7551
4344 32699
1898 10170
13389 11221
9031 14474
3908 9897
24000 3718
10825 26002
15162 36988
8389 31964
11030 34804
37703 25273
18838 7425
38261 33221
33468 20545
4139 33222
21551 27945
37362 27002
5218 26573
9535 2321
25817 39087
3991 23696
35203 16824
36583 31657
36815 14725
14085 22140
4381 23389
8367 28617
12606 26238
15582 33148
21253 7786
28275 39384
2551 34239
9884 12034
20789 5817
17818 12776
31175 36727
16797 11639
29527 33138
26043 13592
7542 32707
35632 2888
18037 36988
31907 35155
24749 32436
19977 24713
37492 17494
37790 38520
2399 37276
2722 30822
33798 11290
2598 19534
16889 10730
322 36897
11943 30329
38489 24405
6970 9325
39021 1648
30888 7382
33325 13758
18819 24648
18321 14513
32358 26003
3599 15222
6749 29621
353 27471
36240 15026
31460 28041
15561 18549
27306 19801
3513 22361
16930 33781
34789 19447
37164 22858
26163 31831
19454 11121
15390 19820
28563 302
20684 7111
16899 29569
16535 37084
7328 32153
22109 17911
23276 32293
15216 30164
39177 12304
27193 22448
8853 36005
6241 19970
14766 19086
14686 38317
12688 15285
21990 30819
26169 12733
17933 5489
13968 3708
14919 22165
29865 9321
33859 12602
15739 5812
30395 8050
22094 35327
22703 22440
4521 16671
16216 10456
13122 3105
20346 5546
31868 4975
8972 5301
16031 15656
36598 34925
20868 8375
38611 33001
31304 34209
5342 13942
39069 21962
31289 27234
39637 27544
8332 29713
25076 1079
20718 37912
16850 12794
592 3482
29934 34416
23390 2945
17943 18803
37 6670
28152 34141
37785 22738
30154 8445
6095 1015
27227 16119
24170 9290
36291 30632
24793 7126
1994 13552
448 23454
23640 33231
31740 9368
8651 8553
19250 3488
3582 38177
2329 38468
12190 37172
38199 8656
12210 34477
7693 22325
1042 20942
13599 28095
30796 18620
37156 31874
201 33953
27302 25148
39650 33457
25762 3294
38096 33169
18670 15910
30781 7319
2755 23408
37618 36330
16164 8618
19761 22234
16063 17658
25570 39536
29325 2480
18138 8114
12125 34161
39005 33147
18984 34543
3927 22985
20552 18611
606 887
34168 9918
21901 20385
27937 17130
35870 30550
11814 24207
10417 3717
3154 33330
16774 7542
5330 4648
27171 25108
38155 31876
25497 28429
6168 4331
18999 11697
28035 14389
17057 32442
30509 25820
21316 23617
11777 37235
2071 24377
21585 21748
3823 9510
10350 36925
27941 31142
24093 4613
8667 1983
2338 21655
6561 39846
22119 28523
18934 38265
1560 28991
5693 20227
38989 32911
23807 37149
15308 37575
18478 10269
27360 13014
21486 5264
36631 20324
25794 3318
33918 27006
30742 35518
20439 4514
13836 33002
22449 31264
27637 15349
35702 4124
26528 38748
26173 8643
730 31219
36988 23110
5504 14079
36186 23149
17602 9302
13505 38151
28318 10508
11320 36394
20517 1242
9381 2962
3639 17180
32329 21496
17823 23757
2805 13721
28483 27836
10488 706
32898 38880
31614 6146
27422 5161
7199 31426
19709 16327
15046 20450
8201 19500
23284 21557
37655 13338
4825 33651
17026 28546
23199 20322
6783 18270
29529 25564
38826 30944
23521 8709
13721 9110
7066 18084
29376 18617
24155 7743
2866 13878
20105 28784
438 27777
11744 37364
9854 22964
31170 36469
21475 18079
5552 13194
9971 11205
25639 17082
30603 15373
15129 23842
13615 5461
30662 20627
20097 26755
12255 36624
34210 10018
22061 17884
801 9274
11652 31838
2970 6380
9921 10111
26292 22750
18209 26206
17394 15435
24345 31583
11313 32168
5820 38827
1924 2167
32811 528
19880 1399
10662 4681
25577 37624
13617 2929
36635 2910
11795 27096
13722 25747
648 30303
3610 5186
2937 7689
28229 22949
12977 23043
21972 25004
17592 22320
7310 37197
35085 16604
2082 9785
24557 17372
10967 26418
17497 16958
34074 6347
8788 37334
2094 27639
7112 38878
26601 14500
220
32970 15989
14780 36423
12406 25237
13570 21355
17111 19174
12867 22400
32417 28615
31004 36576
37058 38272
4720 36755
17544 17580
21185 18556
24568 18950
35863 8715
11298 36799
23055 35217
23539 35456
29336 22945
27548 7073
34683 34701
33708 6396
16865 15965
16164 23698
37373 2911
22987 35177
9752 22204
31705 24913
31406 11291
29332 37279
23638 16437
18083 29525
11935 24892
29363 22723
8875 7553
19022 35446
27272 14861
25816 26361
26719 15078
7156 31794
3930 26941
766 20919
17482 34095
21468 8651
9568 685
26991 21448
7447 32448
9216 27219
37864 28111
37834 14062
5129 18599
20713 14146
16526 9479
16830 21842
7218 25720
8713 1507
37215 35790
2379 19881
12064 20250
3968 10963
9883 1535
29871 27777
32672 33206
23859 902
23841 8595
4233 17794
7812 39452
1890 25334
1211 31107
4841 18546
23201 1947
3907 2092
4398 386
20530 36424
28865 26108
12059 21922
38043 16517
27668 29334
32065 4424
20580 26801
6669 2720
36306 1915
7977 8674
22084 23713
13106 33215
16215 7314
9259 11159
31504 20558
24432 33968
21967 38987
26067 16608
24962 26074
12897 24000
24962 16893
24126 20064
31686 26601
16795 5718
472 28034
28173 15190
25932 20450
62 37070
12160 7904
39142 11572
7829 19022
11188 38197
37146 37864
28889 29939
2849 39254
695 27457
24064 11773
25584 14784
25914 24223
26815 39563
38504 35967
22917 2565
18598 16197
20666 34023
14728 31398
19803 1238
6221 18569
28653 10604
36767 12201
25166 39145
36383 14424
28479 19798
2790 24765
11689 20658
7002 9759
31608 37554
36172 18160
34554 37283
30187 13273
2608 16764
8128 14292
38640 32763
17511 5792
13013 12254
15783 12251
22602 37815
623 36495
9552 37097
24779 28553
16015 25487
10528 33317
7443 13446
24857 6314
13095 10110
10690 4806
5503 7134
25247 374
9128 39904
35179 15917
10035 32354
36259 1761
26637 4900
26820 17851
5853 11120
11242 13850
5634 6581
35453 17737
39471 5993
23414 38122
11780 10713
31671 21268
11979 12848
13290 16717
19480 21814
6849 17026
18762 24093
14278 26092
34704 7554
35608 13903
11372 12045
24920 4727
6467 17415
21468 25128
16343 23444
29740 357
14058 26438
3494 24179
39864 4351
29729 9149
21777 16319
3222 27398
6132 30679
25965 28852
30609 24348
11065 38037
31337 7103
36390 713
27565 23584
32508 36652
9152 1354
19207 1178
25453 3683
21416 21732
29510 37063
21257 18050
12466 4936
8706 36640
39724 15318
10537 4417
36016 22884
33464 10351
21283 27783
24540 21246
5855 20125
38222 28779
18665 37766
19489 36548
20417 24686
13951 30529
5013 15977
8541 25465
19233 11891
5717 8935
6534 39480
26689 1717
4018 17201
21872 24995
19535 28902
441
12137 22118
29417 16273
28414 17077
16128 23088
36414 26656
20695 38904
5394 2432
13275 20626
29802 9754
28043 6083
15702 37363
12051 5649
34369 24462
13451 38025
37135 30070
10825 35219
25409 34503
17069 25053
29750 13399
32544 38375
33525 36457
38585 18486
36699 3088
7843 23806
34341 23794
1211 33663
3816 37560
18630 10906
35264 27762
25325 12259
20627 27500
32834 4998
10671 22453
4871 37361
2657 39653
14402 26884
3869 35633
2654 28084
27060 485
31312 19367
25858 8203
5164 3714
18458 9433
26401 12914
34632 7058
22047 2351
11583 5565
24345 32214
31359 32064
16839 1186
25897 16288
19827 4687
12223 27630
28171 32424
29254 30169
17399 13341
21179 18633
13503 12305
10481 585
30891 28793
21900 36263
2804 8221
33441 12359
38994 5185
10659 37180
26946 30161
9629 33700
34049 28764
14164 2953
8445 38593
9157 19901
39175 35241
21325 18957
26494 13526
34163 25338
9751 35660
21864 6994
23693 4716
35385 5911
26586 4365
13713 5560
39097 35586
1529 12857
3334 29368
5364 25516
26322 34037
32595 25180
34887 2680
33116 1841
11887 1528
39051 9829
8102 35056
22505 35912
38997 37834
12195 30388
10872 1021
9173 13625
31807 32873
2886 21209
7003 161
1667 10301
9871 32951
16501 30403
25832 29559
4700 5330
6455 15256
33763 37256
17451 29641
29868 37654
38350 15133
4817 5963
36176 8830
36446 14028
10266 15664
14824 24052
29671 2702
20335 19337
15654 1486
23323 3629
3778 31330
35181 10317
4107 12768
18987 20499
37134 7137
16229 13321
17901 24006
32400 4204
6854 7836
13014 36065
37234 5484
14725 16047
37630 38891
21226 2480
5818 29926
29033 26895
4363 5238
14050 13000
19534 33405
30847 17552
39523 7629
16187 11319
29687 14590
36408 11360
34104 30547
17052 16067
13493 27738
9593 18361
35966 36391
31862 11861
20975 26374
27510 10890
1654 12102
6957 8389
1040 19147
18705 4477
5902 17188
5875 599
28558 4879
35446 12626
30171 10866
36073 26086
30974 9620
24995 33850
16860 23173
29574 18301
5841 25555
23248 25330
14659 19481
39986 23804
25962 10970
14930 3886
2418 23514
22563 23542
11492 19811
28877 12363
20508 10035
11860 18853
33922 5681
38133 11795
9739 25926
25168 26484
18539 11023
27954 28071
9531 12594
1325 22126
2561 10657
3691 20786
27423 32776
11125 19856
10964 28158
23952 1720
29110 28148
39428 25544
37163 14203
25323 10657
5395 23922
3754 3997
18641 9178
6378 1722
22341 38849
28318 3194
20443 1797
34154 30702
11971 10451
25818 6668
19550 31762
28436 4742
6141 7157
20612 9463
27000 30391
1711 19183
23144 16243
11123 20869
10407 24794
6962 10496
4170 36616
16784 31132
6808 16548
30586 11108
8554 14378
4107 23112
39993 2207
23026 3397
14483 24590
2518 12262
25041 30270
19688 38158
27814 8522
15972 4853
21172 28613
9665 12590
309 19201
15664 36634
24752 22067
31111 32229
3892 30648
34129 17093
2747 15636
38986 21872
10242 15529
14236 22686
5342 9006
21842 22409
24550 35907
4251 39324
9525 28036
11610 29243
36050 14923
22598 10068
25674 21676
27626 4604
13713 25837
34982 22398
2534 25951
22854 39979
15974 5629
33814 12012
15812 1341
25957 22772
39288 14210
10827 21648
11534 5193
4888 8933
29553 13337
21338 16804
16178 20962
21438 29800
3692 39128
17617 38233
23728 3235
33129 39703
18182 16261
2599 21769
38360 36123
17257 18515
36923 15973
12555 27169
25888 36543
13865 23101
7733 43
18029 33010
3473 21911
37445 11658
4740 12824
17096 35495
16275 24211
33728 29608
38155 28613
10498 2543
14687 2225
36262 33833
10018 25922
26066 38265
14484 14185
11514 14754
27479 1081
12517 13683
28844 4302
15853 13398
10470 22542
11464 36087
29451 35273
32250 32158
4898 25672
31238 3603
16875 7233
34979 18057
28073 39364
38179 13774
22050 27368
25292 14852
30949 25647
9537 39497
20867 10976
32723 30127
19891 31469
27006 9757
17074 14723
15792 21308
25644 28504
14322 12390
36327 5875
34426 127
14760 24465
34220 14638
31560 21748
25582 20679
8602 24099
31658 25678
5189 7996
26408 27937
37324 29595
30690 19296
36437 22050
22755 19886
25756 31954
7099 38502
21018 3869
31726 37445
36803 39666
2221 1053
36462 21338
13643 15594
27272 4895
7753 19713
341 35572
29571 28547
28986 36449
4604 38790
32903 5456
8355 21373
22181 6044
1467 1093
22359 17311
29176 39175
33416 10094
30436 22168
35964 33839
4697 29076
10945 10599
26357 16947
28203 19106
12596 19350
30899 15606
1258 3044
10446 10590
22298 22358
1230 38170
16332 20779
27777 19904
33065 29791
25226 2296
8212 7238
14540 5961
22135 30423
26081 38041
2297 25630
10930 28335
23196 24079
8670 28636
6174 23684
4799 29176
9367 38674
11539 18308
5012 9492
2622 20144
14963 35385
6528 33482
5865 34226
13815 4853
39042 17447
20924 21827
27266 15828
11663 38861
10321 37631
286 9294
22730 6563
36452 18704
5053 7632
2782 25368
25068 12942
10660 16215
29942 27332
7804 37998
9347 25412
30799 38744
10570 14895
5794 12364
9128 984
2490 36260
14248 1979
34499 8491
26998 29833
10650 35752
29731 38726
3739 11880
17993 32119
18102 36733
35576 26383
29053 36591
9385 20382
5379 29144
34327 13813
11930 24816
38313 27212
3771 1169
7442 16258
36523 3249
13452 16848
14380 19292
23483 10851
33848 13637
30357 15696
31926 33223
30659 4610
13520 35720
10386 13104
16578 30088
35287 29727
33905 9570
2160 11488
150
5860 14914
885 24090
28554 12200
24165 11814
24637 30580
10263 6977
38559 2939
11691 11183
39892 423
30403 26756
16967 13510
35356 2437
11223 6904
748 26682
32683 14305
17928 34340
37892 24213
31351 23413
30208 11641
1164 2860
25330 39248
13122 11495
1894 4218
6753 24264
31810 21413
31329 4425
5619 6772
6004 26603
21152 27780
33981 11063
22034 20544
3518 34700
28142 28248
12563 3450
15595 21091
6209 24728
12575 31501
33986 37885
20133 25686
21232 21617
19965 31127
4374 12386
11127 12052
20561 21251
3397 15770
30137 35450
8893 27917
11521 15140
13370 9054
1261 8787
30513 25703
7500 3761
35832 23787
13430 36790
13028 24796
22184 6119
9279 26484
248 8789
7554 30567
4614 22669
26160 29130
15005 36029
29557 27012
174 34335
8721 34528
9642 3715
998 13796
21814 21744
28937 578
23457 4530
7122 31336
807 12748
30244 28430
4183 6691
11620 33859
573 12284
29591 23184
9765 19078
8445 16705
10021 25682
24458 7448
15259 13619
1686 26982
8743 36881
39561 3776
35947 23010
14406 30521
21131 30200
10398 12886
33696 37723
36534 9545
3965 35700
5693 29767
39393 14046
12030 6799
11112 13405
12603 13620
18899 17643
24021 33689
2973 26505
20769 23919
3493 2731
31704 8942
22645 1534
25946 23299
34936 18642
22389 10672
33212 20162
12913 10697
39392 2321
36804 15813
2091 2120
9137 33023
2826 11372
14078 37059
32063 36776
28343 37588
2823 30779
4222 28094
30998 28558
5024 4353
37592 39077
5699 3394
18615 10950
5560 23510
31015 13521
344 38438
17703 5846
10455 33275
31541 10415
13481 24006
28688 24858
25619 25359
14458 24244
14597 3129
19209 37914
14467 14228
22966 5936
38009 29393
35256 29713
23406 5971
31949 25709
26554 21983
30953 3994
22457 18743
6546 18884
2080 6427
22198 14794
27829 32904
21005 10291
43
31721 10505
35410 21253
21328 7739
20760 7762
32053 25962
29109 2074
5141 39922
2147 13976
20818 36757
27807 38593
29444 3092
7198 10577
34474 26632
33944 20619
11303 23493
16943 36947
33515 26370
34895 18496
38765 31077
38430 39802
18210 18300
21195 1022
21143 29690
32001 4267
27167 11232
29940 6854
21638 31943
36560 3100
20223 22374
29141 13904
29512 15152
35169 34815
7586 19741
18800 8873
2065 23246
9275 17416
19760 25759
18636 23546
33738 10116
8557 12857
30829 1569
37015 13589
27205 24066
233
9442 22224
28232 3339
28405 5694
9274 4348
10111 14512
7366 5697
11905 9213
20954 15602
3702 28137
25797 2524
5965 12062
14490 6620
38345 22826
9805 21495
23704 38789
4690 39307
32955 17451
23217 4739
3375 20916
31024 37626
37057 38361
9571 11559
18774 11313
9910 23233
1029 10814
14585 35242
16390 18887
1363 24635
33359 8424
32529 38925
22259 21600
22600 39448
10543 28988
19647 15454
9869 17481
33049 37918
13726 17499
9680 10820
1951 5232
17338 15993
32526 33794
34607 6388
26086 20551
5439 3132
8438 12426
7511 32915
33923 38084
38436 22937
572 26433
37088 19649
13831 16204
5713 335
11098 12163
29926 28942
31811 6294
22268 32489
8654 33064
8237 21488
33568 4124
9460 21112
30614 32969
35374 1283
28500 36362
26190 34076
11873 34248
10828 24433
5513 5288
14006 25582
16022 17614
5967 8209
16707 22472
3080 4255
19270 780
32004 6064
12126 18411
22512 7950
23369 10282
38362 30505
4156 17350
23558 5689
27512 25891
36602 2894
23272 38268
8707 16485
32254 18042
31130 33337
11649 20971
3 4717
27022 14031
15988 13547
19595 8251
34542 10628
32374 12688
34370 14581
39790 2168
20075 10988
3526 1801
11643 60
4213 21423
9461 13558
27117 38544
8747 30415
5682 10015
6940 13142
38582 31226
8731 33336
3943 36254
36515 20351
11423 10102
35199 34759
4549 25792
26704 21555
27935 28253
27109 29403
34207 27530
1978 1504
3816 11634
7525 7952
8770 24438
30975 29832
27184 13001
11471 9259
32079 556
36957 19987
39231 23446
24021 33297
38610 4361
21680 8719
22841 19705
14382 5355
58 19495
23194 33101
22157 4298
24036 39096
3170 29478
7681 27346
11940 29553
21331 2933
21156 8838
4697 35968
26657 29591
10110 16468
4834 18762
6952 23916
2409 6354
17273 30304
37206 37814
17874 14734
10775 8962
34210 19210
39028 29487
21441 2675
23815 12826
26050 3090
23300 4660
7835 14279
37212 30969
18918 9785
37669 30562
3576 27618
25033 6447
22123 13677
27459 35104
24412 7606
14487 11981
2349 29335
9630 20147
12946 12622
4606 15981
19238 22941
32519 8097
24192 34630
25577 13928
880 24186
22045 30997
4399 12481
34132 5109
39743 6163
27834 5345
21917 30754
25648 12483
21747 15811
14773 15064
8126 18833
3595 25935
8765 875
13553 32460
7118 5545
26412 2632
8497 14322
11609 12432
30689 31990
15194 16366
13133 6503
30795 29227
8548 38384
37 28123
9350 8298
34820 12820
13646 19185
10574 18629
27309 22030
9162 21971
18688 32516
16750 10244
35666 10026
7753 8422
11229 24601
847 36649
12598 3761
19140 39763
21232 4681
25305 13201
6951 12846
2560 31968
1687 32889
26954 30109
38984 37932
27470 35927
13470 21160
23595 39154
34697 10721
30274 9195
36527 38012
5091 26838
6101 10672
39184 5328
11452 38766
32503 19160
6371 5631
10608 22933
31464 7847
36926 22968
198
635 17024
17347 4103
30873 10685
8569 23013
23749 28341
10580 18385
16541 34013
28191 30060
29125 241
893 20768
13252 25397
8653 5550
39475 25446
15866 33173
27952 5616
26821 20680
18070 33095
4732 7860
16437 18167
37689 34464
17324 21028
38292 21773
11487 35309
17489 13011
29031 23153
4280 39998
28838 36059
27476 22967
4323 8592
21666 4708
39554 6337
10374 21821
19331 7536
6007 8824
28142 25087
1339 14679
32829 26961
10558 16150
30451 30328
22692 2110
21588 20705
26701 38678
37761 37723
13585 37488
29889 4624
28274 15994
21357 18213
5766 10648
38382 2662
19202 30762
24075 7130
9789 10113
27500 10880
24472 6754
17099 4241
18090 17591
2068 22961
9024 11939
35629 16174
581 20197
6010 32964
1702 36949
23411 31235
11172 8380
11926 1211
5877 5317
9831 27552
26795 25315
20158 37347
19216 23883
19232 24187
1253 14278
36568 5475
32606 13373
32531 38613
23355 10976
34090 20821
39429 1099
35969 19627
7123 28723
4791 35849
33110 16079
38120 35102
15789 6463
23387 37353
5732 19341
36843 6997
23701 36301
12430 36087
847 24553
18274 11693
18118 33321
30876 32815
34896 17277
24737 166
1876 38413
4828 13115
25594 39983
16638 6528
28477 32565
38569 34492
18232 15816
10748 14842
36428 35175
37587 35165
957 37619
12190 1754
29965 27538
22493 7786
33431 26822
12529 11626
1124 11211
10679 8125
26672 22637
26153 14488
38562 31865
17643 12237
39441 25509
3053 16551
27336 1369
25065 18555
28161 19711
16923 34942
2549 6276
24583 29462
39012 27979
26611 36856
20074 5679
12307 13719
10648 29779
10554 36567
14123 11875
6285 22394
15472 36634
23262 250
15813 23914
4517 7810
33948 28021
31712 8754
24833 5839
18775 39985
2245 29228
15936 39441
10557 24012
11139 15778
18409 23064
296 671
32117 26945
1799 30979
33498 465
38034 29068
19636 39834
8643 22859
23545 35847
33618 9514
29122 11539
5181 10574
23815 8053
38043 14796
10145 26247
7846 31901
7462 31331
4721 22873
37626 3185
37461 31668
13494 30495
36245 27200
36604 20288
28286 28667
16644 19430
35543 859
21996 15844
31413 25679
39019 30480
24733 18528
37356 15897
30457 39237
23432 11302
5892 11753
9071 31335
27646 26772
29345 39041
30399 399
30114 37181
27412 23978
19738 36882
31024 1714
10595 8794
346 38519
36987 1493
27785 27272
18101 7954
5531 26998
39813 34984
36360 34425
17648 34171
35973 26235
21463 19965
209
27337 26645
25882 11014
7504 30975
33957 34999
19140 39865
38144 39905
1778 23151
15926 27666
27426 22684
26803 20094
25547 25442
33141 19551
7356 15324
24845 35644
38858 22037
35431 17761
1093 38849
7320 36236
13146 25440
8741 17466
35524 1634
36137 21557
39874 32377
21464 15208
13092 23267
29797 12936
14097 855
34365 24705
37313 964
10859 12807
15871 15579
27046 9776
28830 18835
4021 8449
2586 27065
33842 23274
12532 24075
1019 9880
6149 9905
38774 31847
32025 9122
15482 22603
34684 4360
5123 37677
4661 10846
24365 31404
5388 34619
17875 11717
35970 28258
29914 14085
38302 10055
29650 18995
26126 7555
10456 26072
36959 32446
13278 33300
3702 25001
15087 28995
18069 33431
39782 16003
10855 464
5813 10474
14800 35659
10118 12914
9748 13808
4212 19162
17094 30275
2560 16878
1131 28611
26039 14343
26688 32148
20302 30877
13328 5474
7988 23731
10889 5568
9700 11741
39818 6558
21818 13960
22991 38697
34310 15134
24000 30754
4716 26312
39554 30476
12624 1160
16007 29619
7469 31444
22048 36925
37676 24887
22906 29768
23320 4490
18569 12571
33265 14691
28760 38313
29750 2478
12749 9400
12776 30598
3969 35291
22648 1898
28556 34718
17531 29781
3837 36977
12298 6119
26051 15536
16614 31876
7691 17374
7036 22697
32090 31442
5011 32887
33845 7393
18741 12377
18412 316
38207 18993
6103 2645
32959 12689
31965 20961
30117 9196
23600 24526
22262 22427
1277 36018
20023 22750
33272 33441
6961 12467
31117 16922
34481 35892
14371 20297
28581 32290
27509 34089
35223 13405
3858 21846
37072 31046
17251 31977
25599 22093
13282 4852
26198 7593
38061 16142
20513 32589
4637 7892
39330 3211
9429 1389
2469 13158
16633 17947
11932 15185
18640 24481
9329 142
26470 23884
15874 34921
18212 3851
24369 30210
33365 276
29886 8599
22299 11606
35065 14010
27518 19440
12721 18068
7950 36542
22056 37484
27345 21707
5342 6280
36397 21197
3694 24112
17759 19921
12390 26864
26261 5199
18025 1646
7104 31488
27392 30443
32824 14557
11875 17710
19643 5298
599 39398
28096 7397
1242 17114
36805 2566
38428 12020
1431 33327
1946 27896
16171 31168
7854 14907
27753 4165
3783 33172
35898 10656
34342 26305
118 38732
38076 27556
3153 6596
15786 37119
27559 26398
20725 19938
22441 14958
22371 15357
13374 25917
31094 3311
1759 1486
15363 12308
36046 13362
32476 19073
1568 29578
19257 22125
3828 24721
1668 31627
8424 3205
18025 14308
23045 18160
13796 11506
36816 38173
13935 32712
8486 33231
5437 15994
6274 1877
134
2576 8840
33900 13364
23587 2729
14890 23948
8830 30473
3025 36219
4865 4966
20304 8766
5221 35771
33578 15360
2742 7157
1177 6780
5757 11949
8088 25685
5152 18459
29589 5306
31707 6766
4216 6749
1308 29969
33647 22383
9800 24989
19044 3887
39152 24299
1595 29565
32159 32091
34430 10298
22278 38103
3711 25058
968 33591
10109 18009
36607 37988
13514 29347
10145 5026
33369 5833
16235 22889
28527 319
37003 19177
1433 38704
26429 7038
5273 9416
20693 39993
28663 28170
23274 26548
6238 37954
31861 19163
20388 17557
20309 33338
34918 34016
25061 24808
16957 35535
25944 38870
39534 31529
24291 18878
20308 1824
26164 36928
4732 8998
1388 2727
7016 11344
10148 3835
20187 34608
8450 35659
35745 4320
23339 23093
26474 7578
11326 19189
8449 16072
8799 24516
15075 13017
31197 9716
36701 17126
19216 15123
6964 24896
1271 2825
2679 23248
8837 9023
21691 24754
8446 15038
32692 37038
26216 5976
38934 38976
31636 21611
15614 33402
31455 15609
37260 24477
8341 36953
1176 17101
3169 29796
39773 25120
27023 4418
28815 8488
17265 6929
6961 12202
38469 34560
6859 6209
12723 7601
36559 10298
39406 25941
1453 29043
4049 36604
29427 22033
32376 25093
33743 29047
12655 33652
14995 30369
21568 34471
26354 8423
1932 22763
907 17540
24609 10457
4133 31162
30027 27583
31762 4617
23642 30022
26683 18638
8194 970
28614 11932
30732 15401
6362 27549
38693 19389
5915 11613
6590 122
2532 10094
465 37027
15189 31421
37452 11674
15758 26155
16911 35478
26408 5761
9294 13283
22715 15752
35029 12497
29724 30750
31153 20354
33599 4201
313
22102 6543
4769 4382
11188 32940
26772 11916
6219 25635
4926 15517
27233 12585
1570 20390
3324 16316
13475 23836
14440 6394
15330 4759
20068 35970
692 22262
1720 34170
3149 19871
26281 18882
4442 10279
14602 38326
19499 1726
8660 1593
10008 2302
36851 3695
39110 2266
16887 20488
18010 17783
38009 831
25987 6355
31031 36315
34288 11922
36985 35292
30552 23281
25681 30537
33401 35505
16390 37318
32813 39243
19348 32748
17150 24191
7688 11831
30870 34944
13612 16463
23085 10060
21791 4990
176 3882
7508 4009
18692 18392
8048 28616
29442 31825
31841 32861
33103 31491
6 5177
5659 38940
28356 35545
12926 22755
7215 29718
39523 12651
25042 9010
16403 26872
30288 18427
22030 5337
13551 37672
1112 25199
9848 10795
23787 26057
21565 13398
32953 25225
38241 3667
30542 6392
36381 36602
10831 20618
37853 38238
31941 17183
30437 15900
8995 27989
12166 22785
24294 13804
17896 7487
16494 3262
10706 18133
38105 37618
26530 7862
1347 30254
30882 33793
1382 240
22017 24229
26791 36758
17965 37997
12913 21984
33290 9265
38034 3763
31287 21820
31528 39192
33432 7790
22551 13861
5941 24066
31021 1492
16750 24183
4897 25523
25329 38814
31823 12736
4887 39151
27382 28159
8476 32101
14452 22278
15829 12536
23963 37862
406 5890
17044 17040
38939 28645
37537 25756
16161 22285
28110 18180
27957 31288
16344 27553
6205 17327
32100 11721
18206 20657
10064 8284
36458 3826
7418 14745
8629 29771
18090 23295
36322 20484
21440 37461
32252 9445
2946 3179
30116 17957
21874 7376
3596 38073
29738 34812
12864 19233
14053 2986
32659 14016
15265 7314
38537 29159
32234 16334
27313 7031
39688 39951
16817 3903
34307 29943
25233 18781
25129 28454
20859 25125
36835 3770
32253 19091
12402 33095
28026 3016
23871 3581
12501 38879
35668 6892
15781 7779
26258 24480
20600 1932
8805 17341
25759 6844
35349 490
6101 31385
11686 28788
5983 3653
23155 21161
21971 30979
27940 26952
4273 31956
4366 24465
20352 28424
18366 9383
172 14146
39309 34722
18784 9713
22462 25450
33734 825
13878 37548
4027 17122
27995 35141
33663 26464
25734 29491
19847 29843
8347 37261
9448 17418
35091 19071
24923 18587
6636 37842
7886 26459
37514 15669
38705 9409
8774 30112
10749 38650
36061 28548
16335 17015
4517 23637
21385 15555
39006 36050
21543 2603
6848 39156
24286 37023
16227 35855
869 21323
14266 39499
15283 38209
30264 11608
27625 3687
392 22682
33157 28268
37179 27020
13746 32045
12303 10578
32115 15103
23643 25147
26290 38854
34401 8174
18629 14768
17203 14538
7600 18370
33629 27956
2777 15247
5843 15523
12940 25290
27522 24910
21989 27589
4711 22026
15984 4379
32558 17558
22481 6672
1373 18803
34520 25080
39328 26632
15955 37286
15300 7899
15767 10617
5155 7904
34323 28225
39519 27635
37168 20537
33342 31975
21481 1855
18431 34386
32766 18231
9305 23731
28746 17056
30287 30293
10956 14304
2780 39206
31312 33336
39764 15088
34048 20821
8585 6686
23162 32896
1766 38548
37366 34397
1569 16802
15209 12993
38210 24757
23190 7728
37819 35413
33112 1287
9873 16536
6740 26785
10486 10012
1113 13104
25692 13635
15018 5558
22470 18571
35495 30019
28229 18177
27060 9921
36854 39123
30694 13181
1609 9705
25342 35312
23745 31361
37210 11496
1300 230
5426 27054
21392 9537
29489 20297
7279 32487
29076 29290
37497 35610
8979 29009
34181 6819
4186 30475
33269 5570
28029 2952
10687 16360
29295 8829
16025 16090
11114 30611
2452 16581
4723 15995
15534 24043
28293 18006
35169 25653
14044 8375
10343 4467
9254 26630
326 30004
18098 28948
18181 34689
33543 3707
20581 12803
36264 16676
18559 23472
14405 14003
16507 20193
14714 13865
23268 26223
25841 4574
32808 11919
30406 28083
1310 34242
25414 25890
29969 35447
35351 35772
36
5904 29092
30995 16730
20554 18669
7677 12412
30830 21303
571 30195
10780 36184
6604 4261
30268 20770
10590 20135
26208 26676
13419 7138
2140 7209
34380 37695
9872 34335
3515 19982
28775 15846
8512 10814
27016 32928
26092 36040
15563 36766
16655 4534
29897 38073
3516 18135
7564 35472
7346 14515
14770 32047
22938 24425
4962 38841
5146 7469
12618 32258
21777 12657
27467 416
1280 6439
9141 36634
8637 22358
280
25453 23357
23243 14420
13826 35598
39732 8320
6071 23382
36171 34372
22250 23955
13460 20042
3913 19215
22730 24813
29608 39420
13747 4903
19335 12373
26965 38842
2036 9817
8713 20014
25047 19946
12126 18935
37392 34845
776 15153
4326 31369
9621 413
15652 7007
39165 7359
11999 24772
6965 31809
20546 37543
39726 22354
38766 15646
3485 450
847 3667
26040 37596
35302 21416
32098 25973
26920 10662
6656 11426
2176 76
6432 25500
170 13646
30760 17362
38858 38792
22254 27903
24367 5694
26524 8354
18639 7160
30244 13153
27877 3723
1387 22039
27121 14354
21049 5392
8612 23590
25105 22432
24401 16194
27619 5695
22560 27885
1263 8086
18625 38430
32741 16564
1761 3179
13710 782
27797 37270
15839 27585
26197 4647
12685 1582
22161 28654
38831 734
20419 20988
23556 22864
11856 29559
26153 39715
42 30827
24078 12934
29966 28051
10573 6606
29434 34040
22322 3500
4331 31548
7061 12398
12842 840
7980 34565
34546 26230
20807 4656
28395 20087
30408 9411
28203 32729
32623 21933
8753 3791
24652 32836
22289 24321
31641 14342
13365 38309
8240 4622
13546 25526
8023 21135
32532 21756
22245 8207
19759 39543
1419 20060
12 29467
12130 10776
28074 28947
3144 20343
27012 12108
39686 31964
2842 13632
14345 36077
22698 20460
19062 25174
19102 35866
34480 11652
9905 23136
5162 21129
22535 25987
11947 39038
14788 7518
31363 7558
19115 29349
34598 7934
2163 16295
325 4972
8491 20144
25514 24384
36501 29979
3147 3320
7308 8646
14846 20378
4948 12096
2095 34482
32602 13374
32017 22572
17954 26056
7022 37617
35155 7634
25919 32318
37758 10817
29500 32995
10954 39551
16745 7025
10021 36412
1707 4882
27484 3587
26604 27565
16242 39618
18930 20717
23938 14434
10731 7177
5747 39271
18809 5349
19765 15287
2476 7618
34217 33038
30468 24748
8465 19373
18832 22346
32575 28860
14665 10848
39780 6988
30865 28191
2545 36445
17078 17609
29098 53
29794 5713
30939 17830
2973 16511
13822 8934
14869 35527
14407 35869
10115 34607
26217 38168
28214 28400
33677 397
35320 9215
29385 20766
13897 20761
38802 2576
6244 5536
32449 6407
17625 124
18297 8545
24361 4354
25118 36715
27924 9600
29339 27891
13519 13818
22730 809
12175 23473
30857 35364
18919 13881
5195 30778
37211 7553
851 13057
32369 11824
6130 4762
35423 19362
3042 27181
26031 6046
21200 36478
38919 16329
4604 29496
8733 1457
4038 16838
11160 28280
17909 22707
26024 22623
825 33718
5171 17176
36511 20218
7596 23838
1211 28035
15833 9259
35157 13325
31314 21103
32607 20615
30586 28944
23091 16678
17563 20881
34093 8777
22463 5644
19445 23876
18640 12975
36170 16934
11820 23807
2731 31784
5253 1789
288 27077
23956 20237
14644 23253
23042 17467
22714 137
18820 38198
29733 22884
36598 26998
30465 22891
20650 17004
10408 38635
8536 36837
20941 214
4015 7009
32697 3919
34552 8858
23783 35538
13964 21099
1744 22511
10124 34009
15122 27491
10530 29524
13283 8790
23141 11771
18651 32392
1584 27306
14869 9873
8906 2827
10125 29232
17576 38509
16969 3584
3839 37393
34351 38890
25213 12594
14470 6276
29769 21017
29739 29482
25798 9947
1924 21739
39040 11419
14516 30751
30638 18897
2526 7352
13205 37285
18210 13979
11061 7025
24629 33229
15238 37555
32178 22435
29257 4262
39746 6705
7832 14766
10909 4653
5478 18370
33327 21688
10539 2299
183
35010 35692
26203 18292
5013 34797
31578 13405
32070 3291
24193 39079
3395 28491
16202 14852
39527 599
24637 34733
10465 19735
25279 24183
25890 31209
26457 25811
32067 14166
16478 21184
8653 8043
9131 16418
39765 332
18696 20732
4072 6236
6146 6126
13592 11920
4744 8557
21501 36549
11487 22565
14727 1756
19827 28501
24214 17509
37197 18874
26076 18856
8551 20794
29269 14568
23322 27833
39204 13559
39375 28046
30056 32265
36118 38659
26920 7345
19967 32945
12443 28819
16865 13916
20371 36860
19441 34940
15338 19438
23887 18120
32685 19443
20873 13933
10001 5228
13104 9130
25734 5265
27257 8727
24459 39174
16078 14779
22917 28378
31858 27886
8694 13859
13043 16947
17710 18148
1507 6359
6622 10153
36014 32159
33985 27760
13149 32946
24115 36176
39971 8076
10583 15627
38512 37238
7130 25280
6194 6426
17027 29208
8063 24945
8428 24849
17665 17822
6446 32690
13544 18715
18262 33373
16981 35809
8717 1300
9630 34346
29048 7998
11521 13891
31892 39827
1937 10793
2021 31952
23575 39201
5675 19765
2036 12187
26323 18330
38519 24911
25175 23592
10148 25434
29899 33851
36919 36685
26354 463
5203 9355
4245 31022
15348 17861
3351 21592
10392 6037
3756 17193
37861 34191
22165 34527
7933 11269
38345 7839
32438 33878
18419 17031
23478 7712
22729 2693
14206 18045
729 39304
7260 24394
28122 22682
4381 26918
21541 6054
17852 27014
26044 3289
18833 24522
23665 14959
10981 28260
37909 13914
9873 28378
15809 17695
34208 38739
27185 15124
29748 38868
35365 29912
1717 38019
18727 30100
28665 893
11073 20554
23044 37536
5750 4057
7152 30552
25834 24357
39965 27538
24066 25680
32304 28153
1717 13404
16208 475
34662 193
38755 35905
23125 16201
10855 36973
23990 22124
27157 28990
8242 6331
129 32638
39954 4497
19012 39747
262 24076
12828 39323
32355 37194
34879 35884
27844 30891
20391 26672
28273 22668
5862 10336
24048 23170
24146 16992
31265 17826
15338 18261
32530 12148
31657 32547
14717 21952
6192 34383
16131 27543
15235 35245
3700 30888
35225 11876
32626 11450
31031 8506
11290 16870
33645 29289
33900 29206
9588 39950
27186 12785
21308 29925
15342 19696
37454 6138
9666 11811
3224 39714
15613 2914
342
29318 29606
25599 27041
16523 32650
34506 35584
100 23830
8115 22506
5247 39366
6516 16112
5849 4736
15397 28181
28843 3085
27091 22443
4012 9555
8693 8850
32223 120
10333 12160
32088 34168
18520 21263
8286 9212
39501 35162
39110 19208
24459 30603
27320 24256
11773 19130
2357 38439
21848 8948
23560 36319
35896 4931
38503 22039
11073 15600
38905 13689
14406 220
18717 2872
17398 14593
2001 1510
16712 31409
32126 32701
37273 17326
10791 11817
25402 35906
29801 16514
3428 34779
34897 24806
36772 35075
2512 8776
10640 10795
8589 37908
8527 37265
22520 456
27983 9546
20830 29487
1759 35501
27340 36872
25261 25151
14054 20914
37176 31957
33072 29503
33454 1497
19521 15906
10152 16838
16355 37898
22082 20970
15794 9286
8317 31083
9413 21222
237 35744
13703 11888
7680 2230
35055 16424
26206 35417
20337 15554
10330 9628
34177 23835
14769 5853
36027 16732
9463 27806
2994 9196
3616 23705
15652 20493
13935 9465
9875 3206
2954 17844
26524 35983
11943 32704
39751 12463
28672 22521
20914 27536
13456 6174
35709 31178
19905 25084
29445 3852
34997 13205
33061 2676
24339 38095
27647 5888
39394 10959
6313 27816
13160 7555
10560 34555
36958 7331
36048 31595
21715 27008
31107 21810
17606 36481
13178 24932
9076 1606
5442 31886
22281 31281
4097 11847
37229 4743
35555 26368
32856 4591
20021 24350
18297 8042
30387 9200
2661 22002
31124 16851
14057 26192
2537 28441
31123 27843
13165 33650
39810 17074
24935 12628
12962 8227
19045 1892
11613 714
8123 9387
33722 33958
39462 1412
30759 6171
25225 16305
12480 5589
15044 9911
8920 6211
12554 33676
35586 14512
36396 33718
15383 9818
38582 20229
21078 24112
33875 33663
27816 34204
39304 9964
16045 23880
22068 8279
19610 5738
13608 24743
9270 4911
32512 29970
7859 21587
13129 15446
18007 13980
13774 38823
33193 20276
36400 12577
16587 2349
32053 3079
17419 15125
12682 16287
27025 28468
22493 22269
5765 1880
2057 32532
22236 19998
10944 6201
21181 39377
6782 35541
36058 9117
272 36179
20142 24581
23964 15550
34572 15114
23261 1537
28649 16832
32335 36148
4909 24794
25754 24062
31159 2408
38212 37214
34031 10336
3281 20273
17734 7980
26037 32953
26214 33117
5193 29442
2225 30114
5805 15845
20312 33784
27910 22601
30280 28153
35785 17352
36276 39332
24426 10096
26171 23508
4117 4064
8190 16850
9968 35789
19791 37915
19953 28051
15249 15427
33848 13909
32016 38221
25542 34284
3734 14864
31908 16424
32158 20024
21630 30738
1708 26369
35448 11451
35790 1434
25379 36617
8907 4826
21818 11186
23140 35568
3967 9339
20927 7349
28117 33946
11880 22232
9046 13173
20558 19170
32135 31872
16721 7922
447 38647
21431 36292
16275 33285
34587 9180
5163 11241
36049 3581
1799 1920
26024 37692
28518 18029
35089 33065
11033 22002
19285 13365
36238 16179
30696 19260
20738 33759
33516 17379
10865 3221
58 26291
11700 37863
16771 9217
2017 7159
37042 33871
4869 3800
4574 9660
12310 14002
15653 21597
14338 29919
17980 3641
30228 6984
38694 16782
6945 30623
2984 38460
2547 24499
10993 25119
21599 4466
36435 8169
35189 20988
29629 12009
8749 33288
38542 3706
25200 3012
8638 33553
9382 27802
27475 22397
28185 2223
19616 9978
34769 24558
36953 65
22929 4403
32718 24261
17876 3404
4659 2713
7893 3645
23585 35773
4274 28755
20129 6982
24142 39746
37487 3555
8335 11030
22245 20261
26045 13381
33575 20738
18026 9577
1638 677
38800 20049
1074 28509
39223 12583
12336 30962
5378 23783
38418 38419
38528 8554
34736 9294
22379 31570
10415 30348
26673 37068
34856 34320
28610 38822
19184 26248
4113 33767
37840 5996
13576 14337
8930 12845
15943 3954
38654 36033
31715 35745
32321 36412
21967 18304
12559 13109
8707 24853
15584 14260
18893 7224
4996 12981
19714 30227
18408 37271
30291 15518
28895 38473
26473 34258
13002 24276
38953 6196
1689 22044
2711 23299
9244 4546
12635 38976
18419 11290
24069 20465
39563 20715
20893 14689
8633 28865
11342 5021
21123 12421
3331 32827
21464 9619
12432 29402
25687 329
31261 11700
11621 16226
28277 21588
39494 6760
9223 4688
39747 29608
172
29331 24578
33794 22203
3622 18025
14736 11696
6235 31217
11264 32878
22638 18477
12428 542
9889 38777
17404 28460
1634 13237
540 25873
28280 14358
27149 32941
36695 9694
37183 25616
31892 10285
2674 21266
26650 25773
21994 28490
18933 13730
4230 6858
1191 25924
10098 6568
3863 36541
34921 16573
34612 27336
22271 4343
2589 24125
18497 20965
23650 33963
9292 10156
21164 38491
23116 13958
11752 26912
26944 29369
8358 26036
23390 9770
10966 15929
8704 35867
13563 39359
8296 15228
83 26237
13831 35213
36648 10649
35626 10888
4473 2593
21144 35483
29460 39815
20455 34743
34697 1085
29409 19328
3419 15762
38174 6158
35326 25293
13352 32540
13114 21905
30661 30741
21742 20925
17394 31519
39664 38400
3516 8938
33711 24711
10439 6601
13800 26420
17135 36601
35731 19328
11135 34191
12733 36652
38230 3321
38448 14529
5065 9873
32550 11643
24800 28488
29389 38067
31861 28796
6874 34573
37998 9996
37749 16800
12884 11720
34798 30218
32557 5114
33479 36654
13314 36963
28326 13214
21273 12475
20379 32082
30781 15751
37114 27698
22326 28737
33545 8375
39188 27548
34678 16701
21651 39261
27635 24978
961 13198
30806 19633
3014 9342
21044 27585
18736 30493
33238 16353
39339 13433
31374 31782
24092 1259
18643 2140
24932 20537
8590 24588
35345 17867
33715 24658
8686 29401
21405 25563
37875 27915
13212 23445
31846 36485
39628 36990
28428 5143
18225 30890
1596 1468
36152 15981
6813 1251
34162 31649
14852 20704
37513 16903
18549 17499
26016 20562
1704 16487
16866 29601
15293 28000
22972 170
39364 37624
34666 13375
6616 32890
28021 13477
33811 32930
12230 15911
37379 6987
5954 37512
1278 35851
20672 12121
32044 6340
4914 27260
17487 14517
38310 3123
8484 32678
3267 7560
28621 25013
31316 19872
31183 1747
37042 3060
39546 22870
38334 20590
28497 20454
19236 12887
28888 36527
28311 12077
24179 36747
34427 15286
37936 20637
22241 11917
15540 6987
38828 18366
28645 22386
32151 33128
2413 28064
534 31552
8894 11641
27712 34651
19397 29603
4640 27143
20236 19424
21656 5666
7202 30195
128
18975 10282
3910 35062
35810 3463
23682 33952
11349 16329
11161 25480
16506 11817
21680 18912
15963 34410
25952 29663
35323 4684
37861 9841
20308 10306
3567 30289
16518 20921
29256 17831
34235 19087
19990 4237
24990 15083
19018 15792
2302 22378
4411 7143
4386 1077
9704 11389
33492 23970
3820 5293
13602 37484
4404 27392
38339 33402
18006 24379
8604 22536
13778 1978
38311 33598
21176 21629
3757 36903
14748 35615
34578 19767
25851 20022
35499 28512
28965 38351
6346 19622
10639 1221
28783 10739
3954 352
30703 22467
28516 10579
25448 12054
26951 29947
18481 4447
14092 36787
18366 30566
61 26072
6766 31141
4608 38831
15666 14468
25336 5908
27840 7210
30293 32399
38599 15216
22287 5030
35391 27638
8304 9312
10420 3411
29965 12340
25139 6890
3108 2876
22194 38711
8864 39406
21071 8126
5178 10583
21252 21902
37504 17924
35151 34170
20293 27283
10472 11948
17028 16693
38362 31190
16407 28652
559 37562
25430 11287
12086 38778
25814 39100
6800 23229
34254 20169
2288 10839
8426 21835
12625 21970
9517 24858
8169 23133
34963 7828
24573 30566
5422 32140
34842 3790
11591 12865
2846 9432
17978 12958
13083 28448
18460 2084
17001 13691
825 16768
8059 13934
37304 17964
23867 8161
6656 35099
29870 16707
2117 39909
3393 17819
5537 15320
36050 3240
22964 2041
30043 37982
32493 6250
27928 12468
6244 36881
8592 18920
22142 2638
23978 7682
10160 20800
35128 13614
5322 17795
17959 10892
11194 35540
25515 9124
37044 15595
30279 38424
38229 33825
11600 39435
34355 24232
12
35537 35896
38821 35712
28826 36183
11715 22762
8262 18116
29836 26665
13006 13995
35292 29457
31250 7694
22383 9530
20789 28000
34706 6485
0